23
0 2
7 31 6 28
7 31 57 79

1 3
7 31 6 28
7 31 29 55
7 31 57 79

2 1
7 31 6 28

3 6
8 104 7 55
8 104 60 139
8 104 142 243
8 104 244 293 
8 104 297 376
8 104 381 480

4 6
4 102 2 51
4 102 55 136
4 102 147 247
4 102 247 296
4 102 299 378
4 102 382 479

5 6
4 102 4 55
4 102 58 134
4 102 135 233
4 102 238 287
4 102 291 369
4 102 369 466

6 4
1 102 8 59
1 102 64 140
1 102 142 239
1 102 244 341

7 4
51 97 11 48
51 97 51 88
51 97 91 132
51 97 133 172

8 4
104 150 9 47
104 150 48 86
104 150 89 130
104 150 132 171

9 5
3 50 1 49
3 50 52 88
3 50 94 126
3 50 127 159
3 50 159 195

10 4
3 54 3 22
3 54 27 48
3 54 51 72
3 54 78 97

11 2
3 36 1 30
3 36 31 70

12 7
3 48 3 28
3 48 34 50
3 48 53 73
3 48 77 101
3 48 105 133
3 48 136 161
3 48 163 194

13 6
0 35 3 32
0 35 35 58
0 35 61 87
0 35 93 124
0 35 131 166
0 35 172 202

14 5
0 35 9 39
0 35 44 77
0 35 83 119
0 35 127 166
0 35 173 206

15 5
3 40 3 34
3 40 34 66
3 40 67 99
3 40 99 131
3 40 131 163

16 5
108 161 8 52
108 161 52 97
108 161 101 145
108 161 153 196
108 161 196 251

17 3
1 59 196 224
59 116 23 51
59 116 58 87

18 10
11 58 7 56
9 58 62 108
13 62 113 161
11 62 167 217
11 62 221 271
14 63 277 325
14 61 333 379
14 61 392 438
13 62 445 492
14 65 496 545

19 10
14 65 496 545
13 62 445 492
14 61 392 438
14 61 333 379
14 63 277 325
11 62 221 271
11 62 167 217
13 62 113 161
9 58 62 108
11 58 7 56

20 51
2 33 48 52
2 33 53 59
2 33 59 65
2 33 65 78
2 33 79 88
2 33 88 102
2 33 103 113
2 33 117 128
2 33 131 143
2 33 147 161
2 33 165 178
2 33 184 199
2 33 203 220
2 33 224 241 
2 33 247 264
4 30 274 292
4 30 300 320
4 30 325 346
4 30 353 375
3 28 385 410
3 28 414 438
42 79 24 51
42 79 56 84
42 79 89 117
42 79 123 150
42 79 156 184
42 79 193 222
42 79 228 260
42 79 268 302
42 79 308 341
42 79 349 382
42 79 390 424
42 79 430 466
90 129 36 75
90 132 80 121
93 139 127 166
93 139 173 212
93 139 222 262
93 139 272 313
93 139 319 363
93 139 369 411
93 139 418 462
142 194 13 58
142 194 63 111
146 196 115 163
142 194 170 219
142 194 227 273
148 194 282 329
147 195 336 384
142 194 396 444
142 194 448 495

21 5
93 153 517 550
93 153 559 592
93 153 598 631
93 153 638 671
93 153 680 713

22 4
93 153 347 384
93 153 387 424
93 153 427 464
93 153 467 504
end.